      225.160      130.798
      250.153      120.083
      275.147      109.367
      300.141      98.6510
      325.134      87.9356
      350.128      77.2197
      375.121      66.5043
      400.115      55.7885
      425.108      45.0731
      450.102      34.3572
      475.096      23.6414
      500.089      12.9260
      525.083      3.03493
      550.076      1.62785
      575.070     0.843721
      600.063     0.544985
      625.057     0.399423
      650.051     0.310350
      675.044     0.278253
      700.038     0.224488
      725.031     0.219479
      750.025     0.271365
      775.018     0.332212
      800.012     0.331560
      825.006     0.361732
      849.999     0.350701
      874.993     0.332835
      899.986     0.334378
      924.980     0.306409
      949.974     0.286035
      974.967     0.285516
      999.961     0.279495
      1024.95     0.260302
      1049.95     0.250726
      1074.94     0.272531
      1099.93     0.267536
      1124.93     0.261110
      1149.92     0.251608
      1174.92     0.230027
      1199.91     0.223930
      1224.90     0.213211
      1249.90     0.192304
      1274.89     0.172402
      1299.88     0.169362
      1324.88     0.172294
      1349.87     0.186641
      1374.86     0.202212
      1399.86     0.228258
      1424.85     0.256725
      1449.84     0.256299
      1474.84     0.268102
      1499.83     0.382225
      1524.83     0.410730
      1549.82     0.512730
      1574.81     0.614730
      1599.81     0.716771
      1624.80     0.818771
      1649.79     0.920771
      1674.79      1.02281
      1699.78      1.12481
      1724.77      1.22681
      1749.77      1.32885
      1774.76      1.43085
